listing_id,high,low,medium
7142618,0.123,0.503,0.374
7210040,0.202,0.322,0.476
7103890,0.035,0.833,0.132
7143442,0.112,0.582,0.306
6860601,0.034,0.654,0.312
6840081,0.001,0.94,0.059
6922337,0.075,0.297,0.628
6913616,0.2240833333333333,0.314,0.46191666666666664
6937820,0.029,0.778,0.193
6893933,0.021,0.758,0.221
6832604,0.005,0.9492666666666667,0.045733333333333334
6915282,0.185,0.307,0.508
7127565,0.013,0.86,0.127
6827899,0.035,0.792,0.173
6934855,0.009,0.926,0.065
6861826,0.021,0.803,0.176
6871643,0.03733333333333333,0.48391666666666666,0.47875
6842542,0.004,0.929,0.067
6934145,0.009,0.9285,0.0625
6829365,0.311,0.323,0.366
7167858,0.0355,0.8175,0.147
6859483,0.02,0.737,0.243
6861377,0.058,0.74,0.202
6848960,0.191,0.534,0.275
6918850,0.02,0.763,0.217
6916867,0.256,0.438,0.306
6895840,0.012816666666666669,0.9201833333333332,0.067
6813539,0.396,0.177,0.427
7116900,0.096,0.6286666666666667,0.2753333333333334
6890328,0.329,0.42825,0.24275
6879406,0.093,0.706,0.201
6824924,0.093,0.618,0.289
6911302,0.108,0.7743333333333332,0.11766666666666667
6918742,0.063,0.121,0.816
6910586,0.0135,0.7925,0.194
6821750,0.018,0.839,0.143
6860647,0.026,0.322,0.652
6932873,0.08,0.46,0.46
6846053,0.023,0.857,0.12
6940365,0.079,0.549,0.372
6931867,0.01,0.873,0.117
6876383,0.051833333333333335,0.835,0.11316666666666667
6910980,0.215,0.258,0.527
6880877,0.15,0.247,0.603
6839552,0.043,0.325,0.632
6838051,0.379,0.219,0.402
6928201,0.415,0.217,0.368
6945608,0.157,0.215,0.628
6816147,0.041,0.795,0.164
6868129,0.069,0.527,0.404
6849448,0.036,0.774,0.19
7113677,0.582,0.08,0.338
6930856,0.032,0.873,0.095
6889594,0.075,0.548,0.377
6842682,0.015,0.831,0.154
6880366,0.156,0.3745,0.4695
6835063,0.003,0.985,0.012
6820479,0.42,0.336,0.244
6882057,0.027,0.586,0.387
6834440,0.065,0.658,0.277
6880846,0.001,0.986,0.013
6847248,0.0,0.975,0.025
6868368,0.002,0.967,0.031
6943505,0.011,0.932,0.057
7174304,0.061,0.745,0.194
6880747,0.022,0.904,0.074
6933565,0.035,0.695,0.27
6888511,0.012,0.959,0.029
6942704,0.054,0.672,0.274
6840304,0.1355,0.54075,0.32375
6856860,0.006,0.931,0.063
6884921,0.004,0.959,0.037
6937417,0.005,0.846,0.149
6831129,0.0,0.977,0.023
6936660,0.161,0.398,0.441
6940667,0.003,0.954,0.043
7201307,0.001,0.971,0.028
6825434,0.022,0.773,0.205
6848114,0.061,0.7990666666666667,0.13993333333333333
6947758,0.307,0.365,0.328
6897002,0.045,0.61,0.345
6926661,0.006,0.893,0.101
6867411,0.072,0.596,0.332
6910154,0.019,0.8040880952380952,0.17691190476190477
7157900,0.056,0.669,0.275
6922324,0.049,0.595,0.356
6863068,0.033,0.7635,0.2035
6912109,0.018,0.707,0.275
6918609,0.022,0.761,0.217
6889300,0.174,0.541,0.285
6837794,0.1035,0.663,0.2335
6943098,0.223,0.49,0.287
6927601,0.078,0.577,0.345
6897826,0.014,0.8455,0.1405
6882892,0.011,0.956,0.033
6873384,0.334,0.344,0.322
6934693,0.02375,0.7165,0.25975
7224450,0.053,0.724,0.223
6898157,0.015,0.895,0.09
6837355,0.001,0.953,0.046
6830595,0.147,0.328,0.525
6943561,0.128,0.401,0.471
6844380,0.29,0.257,0.453
6814286,0.021,0.864,0.115
6898520,0.146,0.343,0.511
6940979,0.533,0.219,0.248
6851090,0.375,0.292,0.333
7107169,0.038,0.683,0.279
6830287,0.333,0.5995,0.0675
6933575,0.1728,0.419,0.4082
6938972,0.024,0.792,0.184
6888315,0.002,0.973,0.025
6855106,0.01,0.886,0.104
6838237,0.182,0.277,0.541
6901024,0.066,0.74075,0.19325
6846627,0.008,0.853,0.139
7219857,0.001,0.958,0.041
6852685,0.014,0.709,0.277
6831610,0.174,0.277,0.549
6943538,0.121,0.412,0.467
6911637,0.012,0.969,0.019
6854543,0.011,0.808,0.181
6940451,0.036,0.557,0.407
6819530,0.5201666666666668,0.238,0.24183333333333334
7093396,0.031,0.77425,0.19475
6840326,0.018,0.834,0.148
6834204,0.016,0.903,0.081
6902518,0.1015,0.4576666666666666,0.44083333333333335
6930253,0.0636,0.6713999999999999,0.265
6828293,0.006,0.894,0.1
7203744,0.39,0.4225,0.1875
6816478,0.081,0.534,0.385
6868890,0.0045,0.8835,0.112
6879338,0.03775,0.588,0.37425
6898532,0.074,0.668,0.258
6899965,0.006,0.903,0.091
7133875,0.011,0.939,0.05
6822218,0.1,0.615,0.285
6814018,0.248,0.586,0.166
6896376,0.082,0.6075,0.3105
6918670,0.192,0.564,0.244
6867839,0.003,0.96,0.037
6823554,0.005,0.896,0.099
6934798,0.117,0.6305,0.2525
6820823,0.183,0.409,0.408
6880212,0.032,0.869,0.099
6934814,0.004,0.884,0.112
7254134,0.104,0.759,0.137
6938303,0.253,0.121,0.626
6813807,0.1065,0.432,0.4615
6878604,0.029,0.887,0.084
6876763,0.025,0.809,0.166
6844352,0.002,0.915,0.083
6915939,0.145,0.45,0.405
7109370,0.136,0.489,0.375
6855445,0.145,0.681,0.174
6818668,0.024,0.692,0.284
6836527,0.0,0.989,0.011
6831717,0.03,0.843,0.127
6937162,0.055,0.476,0.469
6922876,0.017,0.907,0.076
7109482,0.047,0.699,0.254
6940972,0.089,0.5120666666666666,0.3989333333333333
6883790,0.103,0.568,0.329
6921643,0.014,0.739,0.247
6935700,0.013,0.799,0.188
6827025,0.034,0.7445,0.2215
6943096,0.095,0.7305,0.1745
7161468,0.008,0.732,0.26
6879610,0.008,0.908,0.084
6935762,0.075,0.64,0.285
6925042,0.018,0.924,0.058
7121050,0.059,0.751,0.19
6821601,0.055,0.735,0.21
6926810,0.01,0.918,0.072
6946532,0.071,0.691,0.238
6875171,0.0465,0.539,0.4145
7096285,0.13,0.485,0.385
6812321,0.024,0.8375,0.1385
6822697,0.125,0.666,0.209
6941294,0.004,0.758,0.238
6873564,0.008,0.978,0.014
6926791,0.024,0.623,0.353
7142444,0.376,0.24816666666666665,0.3758333333333333
6878128,0.069,0.42666666666666664,0.5043333333333334
6927428,0.046,0.744,0.21
6812674,0.001,0.998,0.001
6881774,0.236,0.455,0.309
7167797,0.001,0.971,0.028
6865238,0.096,0.288,0.616
6841710,0.164,0.53,0.306
6856334,0.003,0.953,0.044
6906462,0.004,0.842,0.154
6837438,0.1205,0.5943333333333334,0.2851666666666667
6908277,0.148,0.263,0.589
6841291,0.032,0.793,0.175
6915178,0.168,0.354,0.478
6893031,0.22,0.313,0.467
6894985,0.363,0.198,0.439
6931134,0.108,0.524,0.368
6872264,0.581,0.161,0.258
6816953,0.172,0.576,0.252
7163518,0.32,0.287,0.393
6893253,0.041,0.706,0.253
6943822,0.086,0.65,0.264
6946313,0.03,0.782,0.188
6839443,0.022,0.878,0.1
6911338,0.054,0.637,0.309
7223877,0.587,0.213,0.2
6917884,0.032,0.63775,0.33025
6823126,0.005,0.965,0.03
6939488,0.22,0.339,0.441
7196924,0.081,0.685,0.234
6905685,0.047,0.769,0.184
6894092,0.01,0.945,0.045
6812181,0.044,0.67,0.286
6854610,0.02875,0.614,0.35725
6873754,0.16,0.42,0.42
6859181,0.982,0.008,0.01
6825402,0.016333333333333335,0.8786666666666666,0.105
6819526,0.005,0.887,0.108
6896065,0.002,0.981,0.017
6931793,0.08008333333333333,0.6689166666666666,0.251
6907360,0.024,0.807,0.169
6813182,0.019666666666666666,0.7563333333333334,0.224
6823959,0.058,0.714,0.228
6942189,0.207,0.358,0.435
6844384,0.028,0.854,0.118
6836888,0.3178095238095238,0.374,0.3081904761904762
6917844,0.083,0.649,0.268
6937842,0.062,0.471,0.467
6926917,0.175,0.527,0.298
7160740,0.051,0.803,0.146
6936310,0.066,0.466,0.468
6849109,0.223,0.346,0.431
6831018,0.001,0.977,0.022
6909842,0.002,0.966,0.032
6861360,0.001,0.97,0.029
6883414,0.05,0.721,0.229
6876026,0.188,0.662,0.15
7095390,0.001,0.99,0.009
6932265,0.477,0.157,0.366
6870949,0.07,0.669,0.261
6831335,0.041,0.612,0.347
6895698,0.168,0.568,0.264
6889889,0.181,0.562,0.257
6876679,0.037,0.81975,0.14325
6947097,0.201,0.549,0.25
6874970,0.022,0.88,0.098
6831069,0.436,0.221,0.343
6833628,0.068,0.785,0.147
6819282,0.113,0.533,0.354
6825025,0.023,0.787,0.19
6856513,0.022,0.706,0.272
6928711,0.0,0.984,0.016
6832548,0.112,0.503,0.385
6881870,0.027,0.7175,0.2555
6866978,0.316,0.178,0.506
7163400,0.32,0.287,0.393
6917187,0.2,0.243,0.557
6927475,0.027,0.679,0.294
6903243,0.052,0.54,0.408
6876188,0.013,0.923,0.064
6922219,0.019,0.902,0.079
7104085,0.001,0.997,0.002
6920897,0.093,0.41,0.497
6812177,0.026,0.79,0.184
6941047,0.074,0.414,0.512
6827609,0.001,0.9595666666666667,0.039433333333333334
6934328,0.012,0.892,0.096
6937556,0.556,0.1415,0.3025
6879765,0.060964285714285714,0.29025,0.6487857142857142
6942927,0.004,0.944,0.052
6945170,0.052,0.614,0.334
6901915,0.118,0.522,0.36
6824475,0.03,0.658,0.312
6832968,0.047,0.77425,0.17875
7166718,0.0,0.953,0.047
6905079,0.019,0.814,0.167
6940297,0.1075,0.1195,0.773
6911080,0.055,0.442,0.503
6917208,0.031,0.749,0.22
6858925,0.086,0.565,0.349
7169883,0.154,0.426,0.42
6944112,0.283,0.3025,0.4145
6885816,0.026,0.869,0.105
6837733,0.023,0.909,0.068
6828658,0.0531,0.6588999999999999,0.288
6839429,0.126,0.409,0.465
7164794,0.037,0.835,0.128
6837661,0.098,0.674,0.228
6883255,0.019,0.829,0.152
6833054,0.071,0.659,0.27
7675463,0.1,0.563,0.337
6871526,0.236,0.4845,0.2795
6876295,0.081,0.581,0.338
7204045,0.006,0.845,0.149
6840357,0.124,0.48015,0.39585
6917531,0.002,0.912,0.086
6886057,0.416,0.221,0.363
6833734,0.05558333333333333,0.414,0.5304166666666666
6908098,0.068,0.569,0.363
6860562,0.018,0.805,0.177
6859167,0.155,0.6510666666666667,0.19393333333333335
6812141,0.007,0.8432333333333333,0.14976666666666666
6919431,0.003,0.94,0.057
6869389,0.03266666666666667,0.742,0.22533333333333333
6906034,0.024,0.866,0.11
7108495,0.0,0.995,0.005
6864681,0.002,0.926,0.072
6893982,0.023,0.852,0.125
6862160,0.0085,0.9325,0.059
6854804,0.082,0.644,0.274
7143164,0.004,0.734,0.262
6936651,0.058,0.793,0.149
6837450,0.058,0.666,0.276
6908259,0.885,0.0685,0.0465
6916539,0.069,0.71,0.221
6947176,0.086,0.701,0.213
6933958,0.241,0.319,0.44
6816549,0.188,0.285,0.527
6876117,0.002,0.857,0.141
6848605,0.051,0.774,0.175
6840659,0.02,0.888,0.092
6823496,0.278,0.296,0.426
6912609,0.0,0.998,0.002
7097937,0.018,0.899,0.083
6924524,0.04,0.571,0.389
6938236,0.023,0.8685,0.1085
6865751,0.005,0.982,0.013
6936323,0.005,0.927,0.068
6868422,0.121,0.62,0.259
7210133,0.029,0.661,0.31
7215631,0.011,0.905,0.084
6940189,0.04775,0.692,0.26025
6888941,0.009,0.961,0.03
6831598,0.046,0.526,0.428
6939963,0.022,0.742904761904762,0.23509523809523808
6897175,0.28075,0.26725,0.452
6816167,0.062,0.805,0.133
6812965,0.024,0.792,0.184
7149372,0.263,0.225,0.512
6875959,0.015,0.932,0.053
6925644,0.052,0.398,0.55
6874269,0.044,0.508,0.448
6814721,0.033,0.797,0.17
6922432,0.025,0.731,0.244
6858861,0.011,0.801,0.188
6835339,0.0,0.998,0.002
6896997,0.259,0.433,0.308
6921134,0.001,0.974,0.025
6883685,0.357,0.31,0.333
6911406,0.002,0.993,0.005
6825733,0.41415,0.252,0.33385
6884462,0.148,0.3985,0.4535
6858682,0.016,0.908,0.076
6894013,0.069,0.409,0.522
6856391,0.535,0.278,0.187
6828064,0.001,0.937,0.062
6817336,0.002,0.935,0.063
6819178,0.116,0.589,0.295
7147339,0.103,0.503,0.394
6887757,0.127,0.392,0.481
6946859,0.038,0.542,0.42
6855963,0.008,0.935,0.057
6839828,0.056,0.647,0.297
6870806,0.142,0.386,0.472
6880221,0.066,0.569,0.365
6921809,0.132,0.523,0.345
6897069,0.017,0.7886666666666667,0.1943333333333333
6897157,0.114,0.368,0.518
6898912,0.031,0.734,0.235
6856271,0.168,0.579,0.253
6888381,0.0,0.997,0.003
7099191,0.003,0.953,0.044
6917882,0.231,0.424,0.345
6931260,0.001,0.975,0.024
6849996,0.041,0.384,0.575
6887973,0.051,0.681,0.268
6850205,0.182,0.222,0.596
6845657,0.08,0.59065,0.32935000000000003
6930302,0.006,0.932,0.062
6852391,0.067,0.665,0.268
6920411,0.17,0.473,0.357
6907999,0.013,0.879,0.108
6864094,0.015,0.6453333333333332,0.3396666666666666
6813852,0.07,0.5554166666666668,0.3745833333333333
7232295,0.279,0.23,0.491
6896558,0.087,0.748,0.165
6858919,0.097,0.514,0.389
6847828,0.054,0.828,0.118
6925116,0.154,0.476,0.37
6854687,0.088,0.697,0.215
6946415,0.117,0.44,0.443
6827859,0.0,0.998,0.002
6884313,0.31980000000000003,0.1482,0.532
6848651,0.09,0.466,0.444
7136298,0.01975,0.7785,0.20175
6874534,0.025,0.804,0.171
6908942,0.3050333333333333,0.303,0.39196666666666663
6894718,0.002,0.98,0.018
6876449,0.108,0.647,0.245
6825630,0.113,0.5510833333333334,0.3359166666666667
7155655,0.025,0.855,0.12
7201310,0.01,0.917,0.073
6864334,0.01,0.906,0.084
6876658,0.011,0.899,0.09
6842370,0.109,0.6825666666666667,0.20843333333333333
6835467,0.349,0.38180000000000003,0.2692
7227368,0.038,0.863,0.099
6859482,0.024,0.7195000000000001,0.2565
6878641,0.042,0.889,0.06900000000000002
6869916,0.0,0.993,0.007
6841060,0.003,0.865,0.132
6887832,0.028,0.794,0.178
6905898,0.044,0.925,0.031
7104742,0.227,0.3416666666666666,0.43133333333333335
6948090,0.008,0.736,0.256
6839851,0.132,0.505,0.363
6934051,0.005,0.953,0.042
6888727,0.218,0.387,0.395
7167478,0.016,0.959,0.025
6892109,0.06,0.194,0.746
6908544,0.341,0.406,0.253
6921725,0.033,0.672,0.295
6932343,0.106,0.282,0.612
6914309,0.009,0.7494166666666667,0.24158333333333334
6919805,0.098,0.743,0.159
6947828,0.041,0.81,0.149
6920362,0.08,0.7146666666666668,0.2053333333333333
7110179,0.485,0.192,0.323
6877834,0.232,0.333,0.435
6876966,0.068,0.533,0.399
6823918,0.044,0.796,0.16
6871243,0.008,0.916,0.076
6928189,0.259,0.396,0.345
6852455,0.152,0.516,0.332
7208631,0.048,0.703,0.249
6831811,0.112,0.216,0.672
6904276,0.03,0.846,0.124
6831589,0.143,0.687,0.17
6901814,0.022,0.856,0.122
6854667,0.686,0.10866666666666666,0.2053333333333333
7192650,0.005,0.957,0.038
6836299,0.031,0.87,0.099
6887919,0.005,0.7761000000000001,0.21889999999999998
6927679,0.119,0.463,0.418
6855908,0.1,0.607,0.293
6854766,0.01,0.881,0.109
6847472,0.041,0.735,0.224
6862519,0.06,0.665,0.275
6938819,0.287,0.466,0.247
6945434,0.0565,0.6435,0.3
6832722,0.561,0.317,0.122
6852707,0.008,0.878,0.114
7177680,0.03,0.586,0.384
6834945,0.005,0.992,0.003
6890316,0.043,0.629,0.328
6816620,0.006,0.914,0.08
6945175,0.024,0.843,0.133
6914016,0.034,0.806,0.16
6852619,0.13668333333333332,0.661,0.2023166666666667
6813211,0.151,0.417,0.432
6820546,0.059,0.769,0.172
6836128,0.012,0.942,0.046
6850557,0.057,0.353,0.59
6864997,0.115,0.75,0.135
6883705,0.045,0.789,0.166
6898767,0.006,0.916,0.078
6866020,0.017,0.857,0.126
7126382,0.439,0.244,0.317
6847427,0.20375,0.35125,0.445
6841013,0.042,0.754,0.204
6909469,0.0,0.997,0.003
6922473,0.008,0.954,0.038
6925906,0.072,0.62,0.308
6946014,0.132,0.524,0.344
6820739,0.034,0.743,0.223
6927559,0.256,0.357,0.387
7174772,0.005,0.936,0.059
6931036,0.026,0.659,0.315
6918163,0.023,0.787,0.19
6893604,0.14759999999999998,0.45139999999999997,0.401
6868844,0.082,0.661,0.257
6814537,0.611,0.19751666666666667,0.1914833333333333
6916118,0.0,0.988,0.012
6838509,0.046,0.746,0.208
6919725,0.189,0.406,0.405
6932476,0.0,0.985,0.015
6860496,0.015,0.304,0.681
7156799,0.08926666666666666,0.344,0.5667333333333333
6837521,0.008,0.7698333333333334,0.22216666666666665
6913204,0.037,0.558,0.405
6947516,0.055,0.48,0.465
6838117,0.05025,0.75475,0.195
6933366,0.012,0.806,0.182
7134198,0.045,0.562,0.393
6898450,0.089,0.53,0.381
6819926,0.058,0.751,0.191
6947698,0.042,0.783,0.175
6838721,0.002,0.983,0.015
6936661,0.049,0.3865,0.5645
6912257,0.053,0.751,0.196
6905569,0.004,0.969,0.027
6927167,0.388,0.281,0.331
7150689,0.022,0.861,0.117
6820358,0.156,0.624,0.22
6945045,0.071,0.418,0.511
6866884,0.015,0.893,0.092
6820658,0.069,0.587,0.344
6826462,0.041,0.255,0.704
6932390,0.025,0.825,0.15
6905031,0.398,0.418,0.184
6923011,0.011,0.914,0.075
6908504,0.183,0.388,0.429
6881050,0.3636166666666667,0.43638333333333335,0.2
6892968,0.016,0.69,0.294
7346996,0.124,0.414,0.462
6876206,0.011,0.854,0.135
6813475,0.058,0.657,0.285
7190057,0.111,0.7895,0.0995
6838465,0.1933333333333333,0.618,0.18866666666666665
6899364,0.076,0.817,0.107
6891616,0.0,0.994,0.006
6836715,0.017,0.827,0.156
6829616,0.006,0.875,0.119
6829144,0.0575,0.4075,0.535
6893064,0.024,0.784,0.192
6861300,0.001,0.89,0.109
6926847,0.024,0.487,0.489
6894021,0.02,0.849,0.131
6897946,0.035,0.721,0.244
6835716,0.124,0.594,0.282
6832160,0.4,0.321,0.279
6835291,0.02,0.86,0.12
6945184,0.05,0.775,0.175
7140488,0.037,0.718,0.245
6937850,0.073,0.5815,0.3455
6899603,0.058,0.78775,0.15425
6903105,0.176,0.48175,0.34225
6828476,0.012,0.847,0.141
6835098,0.002,0.96825,0.02975
6830512,0.057,0.804,0.139
6879997,0.037,0.823,0.14
7131517,0.067,0.6176666666666666,0.3153333333333333
6835955,0.208,0.40725,0.38475
6875250,0.021,0.746,0.233
6932794,0.044,0.622,0.334
6948263,0.047,0.415,0.538
6867201,0.259,0.24,0.501
6882748,0.224,0.558,0.218
6902842,0.112,0.598,0.29
6847535,0.082,0.529,0.389
6825267,0.044,0.8166666666666667,0.1393333333333333
6909277,0.066,0.848,0.086
7152429,0.414,0.23,0.356
6931179,0.002,0.967,0.031
6896746,0.202,0.36,0.438
6937073,0.006,0.757,0.237
6934627,0.004,0.984,0.012
6887878,0.216,0.42,0.364
6921531,0.028,0.806,0.166
6897461,0.002,0.966,0.032
6862066,0.15,0.475,0.375
6851531,0.14333333333333334,0.5043333333333333,0.3523333333333334
6928550,0.044,0.847,0.109
6945851,0.021,0.875,0.104
6946955,0.002,0.968,0.03
6869136,0.204,0.222,0.574
6908667,0.044000000000000004,0.68075,0.27525
6820525,0.237,0.477,0.286
6887970,0.107,0.42,0.473
6848365,0.06,0.616,0.324
6816173,0.029,0.799,0.172
6900732,0.0,0.986,0.014
6815786,0.113,0.514,0.373
6945972,0.1679857142857143,0.431,0.4010142857142857
6848445,0.05466666666666666,0.803,0.1423333333333333
6856486,0.125,0.4198,0.4552
6867010,0.028,0.7296666666666668,0.24233333333333335
6828257,0.294,0.55,0.156
6871807,0.035,0.806,0.159
7212966,0.0,0.977,0.023
6889959,0.161,0.522,0.317
6915510,0.003,0.96,0.037
6905402,0.002,0.935,0.063
6826100,0.089,0.362,0.549
6848893,0.022,0.661,0.317
7155647,0.217,0.556,0.227
6812883,0.115,0.149,0.736
6866095,0.01,0.934,0.056
6931127,0.015,0.946,0.039
6829407,0.014,0.8433333333333334,0.14266666666666666
6867548,0.247,0.36125,0.39175
7132575,0.05,0.655,0.295
6890847,0.019,0.809,0.172
6916429,0.014,0.968,0.018
6884716,0.48975,0.13875,0.3715
6896897,0.355,0.28625,0.35875
6941572,0.094,0.666,0.24
6945277,0.116,0.459,0.425
7133293,0.008,0.822,0.17
7213385,0.01,0.878,0.112
6831928,0.115,0.436,0.449
6932687,0.014,0.885,0.101
6873877,0.017,0.919,0.064
7135459,0.31986666666666663,0.41913333333333336,0.261
6876620,0.0,0.965,0.035
6936163,0.012,0.859,0.129
6912398,0.179,0.528,0.293
6917655,0.027,0.842,0.131
6941149,0.038,0.86,0.102
6941378,0.032,0.879,0.089
6882453,0.022,0.787,0.191
7119160,0.04,0.79,0.17
6868451,0.045,0.605,0.35
6945881,0.09,0.636,0.274
6822541,0.09,0.674,0.236
6884355,0.033,0.3673333333333333,0.5996666666666667
7132247,0.023,0.726,0.251
6872049,0.141,0.499,0.36
6890740,0.007,0.888,0.105
6840897,0.085,0.682,0.233
6847694,0.014,0.866,0.12
6938196,0.01,0.749,0.241
6939526,0.044,0.694,0.262
6917529,0.003,0.967,0.03
6885636,0.002,0.897,0.101
7202614,0.003,0.98,0.017
6926453,0.121,0.351,0.528
6844636,0.291,0.5073333333333333,0.20166666666666666
6879293,0.554,0.179,0.267
6924780,0.111,0.54725,0.34175
6881024,0.018,0.923,0.059
6851374,0.124,0.523,0.353
6850953,0.015,0.813,0.172
6892292,0.004200000000000001,0.9107999999999999,0.085
6886159,0.007,0.912,0.081
6849877,0.164,0.511,0.325
6940840,0.013,0.83,0.157
6926838,0.013,0.631,0.356
6879243,0.242,0.324,0.434
6944286,0.069,0.6252666666666666,0.30573333333333336
6915587,0.173,0.28806666666666664,0.5389333333333334
6881904,0.079,0.636,0.285
7154358,0.198,0.51,0.292
6899258,0.002,0.9,0.098
6855460,0.139,0.289,0.572
6864884,0.024,0.817,0.159
6868209,0.161,0.524,0.315
6853834,0.059,0.59675,0.34425
7210020,0.085,0.5185,0.3965
6933228,0.03,0.769,0.201
6929227,0.115,0.5981666666666667,0.2868333333333334
7192346,0.092,0.668,0.24
6928834,0.01,0.8839333333333333,0.10606666666666666
6812269,0.022,0.847,0.131
6851446,0.083,0.696,0.221
6930820,0.006,0.965,0.029
6875310,0.166,0.646,0.188
6932397,0.11,0.375,0.515
6904291,0.005,0.99,0.005
6921642,0.038,0.3845,0.5775
7136057,0.2905,0.5255,0.184
6920815,0.02,0.857,0.123
6861757,0.151,0.26,0.589
6934222,0.66,0.16766666666666666,0.17233333333333334
6946448,0.021,0.715,0.264
6890569,0.285,0.4743333333333334,0.2406666666666667
6884477,0.074,0.506,0.42
7145006,0.0,0.928,0.072
6893718,0.0,0.967,0.033
6893330,0.012,0.768,0.22
6901780,0.002,0.942,0.056
6815738,0.106,0.4250833333333333,0.4689166666666667
6917209,0.056,0.683,0.261
6904227,0.005,0.962,0.033
6894402,0.003,0.945,0.052
7146083,0.033,0.818,0.149
6902153,0.012,0.9558,0.0322
6925988,0.117,0.552,0.331
6881323,0.0,0.999,0.001
6937405,0.236,0.47,0.294
7098390,0.178,0.354,0.468
6935942,0.18065952380952385,0.2933404761904762,0.526
6833510,0.095,0.5005666666666667,0.4044333333333333
6812857,0.08191666666666665,0.4445833333333334,0.4735
6828441,0.12964285714285714,0.538,0.3323571428571429
6915711,0.184,0.249,0.567
6880643,0.268,0.338,0.394
7224930,0.033,0.414,0.553
6852614,0.0,0.936,0.064
6853816,0.131,0.628,0.241
6811964,0.101,0.615,0.284
6847800,0.013,0.915,0.072
6859897,0.226,0.41,0.364
6882929,0.002,0.936,0.062
7157584,0.003,0.944,0.053
6863444,0.012,0.953,0.035
6836902,0.001,0.968,0.031
6918960,0.08181666666666668,0.6785,0.23968333333333333
6882854,0.079,0.57,0.351
6822755,0.014,0.925,0.061
6815184,0.126,0.547,0.327
6846582,0.069,0.788,0.143
6940309,0.028,0.864,0.108
6924056,0.004,0.886,0.11
6824481,0.007,0.852,0.141
6839735,0.004,0.946,0.05
6900130,0.059,0.72,0.221
6946739,0.008,0.97,0.022
7144008,0.037,0.662,0.301
6863751,0.005,0.975,0.02
6820293,0.036,0.595,0.369
6818472,0.013,0.8223333333333332,0.16466666666666668
6832420,0.024,0.88,0.096
6879450,0.003,0.971,0.026
6943618,0.009,0.761,0.23
6883463,0.028,0.744,0.228
6834919,0.161,0.4345,0.4045
7505696,0.031,0.885,0.084
6903645,0.028,0.754,0.218
6831148,0.515,0.327,0.158
6828948,0.04,0.839,0.121
6878495,0.007,0.914,0.079
6924862,0.003,0.972,0.025
6887802,0.042,0.616,0.342
6903228,0.75,0.079,0.171
6947415,0.0,0.987,0.013
6941508,0.306,0.3133333333333333,0.3806666666666667
6856111,0.032,0.687,0.281
7126808,0.02,0.785,0.195
6939857,0.034,0.696,0.27
6822528,0.2734,0.43760000000000004,0.289
6947631,0.156,0.4795,0.3645
6887810,0.008,0.815,0.177
6849210,0.022,0.84425,0.13375
6901742,0.001,0.974,0.025
6850925,0.46775,0.2595,0.27275
7181995,0.161,0.508,0.331
6841559,0.005,0.969,0.026
6822957,0.116,0.764,0.12
6943349,0.032,0.7973333333333333,0.17066666666666666
6923825,0.019,0.856,0.125
6871218,0.29,0.334,0.376
6932761,0.291,0.2395,0.4695
7168983,0.085,0.662,0.253
6853713,0.19748333333333334,0.46875,0.33376666666666677
6814124,0.046,0.597,0.357
6828980,0.003,0.661,0.336
6939747,0.02,0.802,0.178
6862615,0.09,0.625,0.285
6911182,0.036,0.916,0.048
6947421,0.081,0.739,0.18
7163662,0.002,0.997,0.001
6933362,0.108,0.586,0.306
6822086,0.043,0.799,0.158
6939543,0.072,0.6433333333333334,0.2846666666666667
6882675,0.037,0.513,0.45
6925986,0.001,0.936,0.063
6927417,0.079,0.146,0.775
6824119,0.198,0.53,0.272
6923589,0.0465,0.6945,0.259
7205380,0.005,0.886,0.109
6904992,0.026,0.855,0.119
6857676,0.03,0.37,0.6
6942001,0.053,0.5106,0.43639999999999995
7187800,0.016,0.802,0.182
6877985,0.179,0.16046666666666667,0.6605333333333333
6821414,0.039,0.862,0.099
6864512,0.004,0.945,0.051
6827448,0.034,0.7321666666666667,0.2338333333333333
6908603,0.007,0.866,0.127
7229431,0.038,0.742,0.22
6887335,0.012,0.9,0.088
6882828,0.025,0.307,0.668
6899958,0.031,0.6563333333333333,0.3126666666666667
6824008,0.081,0.4666666666666666,0.45233333333333337
6903906,0.254,0.577,0.169
7115894,0.058,0.043,0.899
6941723,0.024,0.607,0.369
6839785,0.184,0.264,0.552
6886776,0.019,0.865,0.116
6916643,0.012,0.9526,0.0354
6913846,0.041,0.48,0.479
6890122,0.009,0.923,0.068
6835099,0.004,0.91,0.086
6945428,0.082,0.472,0.446
6887669,0.05723333333333334,0.67475,0.2680166666666666
6935132,0.0,0.995,0.005
6857587,0.041,0.762,0.197
6935498,0.053,0.585,0.362
6947868,0.139,0.211,0.65
6850003,0.061,0.483,0.456
6852354,0.341,0.4113,0.24769999999999998
6919832,0.011,0.876,0.113
6812510,0.005,0.937,0.058
6896715,0.128,0.699,0.173
7227507,0.044,0.756,0.2
6887453,0.019,0.8315,0.1495
6921056,0.096,0.65725,0.24675
6932635,0.365,0.173,0.462
6893393,0.003,0.924,0.073
6940659,0.061,0.76,0.179
6891517,0.001,0.979,0.02
6818991,0.028,0.774,0.198
6899307,0.201,0.3948,0.4042
7175517,0.014,0.8864,0.0996
6895415,0.049,0.843,0.108
6945124,0.012,0.787,0.201
6878796,0.022,0.715,0.263
6901435,0.049,0.581,0.37
7098987,0.22266666666666665,0.519375,0.25795833333333335
6868925,0.0845,0.6675,0.248
6862452,0.3438333333333334,0.26516666666666666,0.391
6904865,0.007,0.98,0.013
6872445,0.026,0.561,0.413
6816856,0.014,0.833,0.153
6910410,0.0,0.918,0.082
6847518,0.018,0.64,0.342
6860992,0.009,0.9442,0.046799999999999994
7093387,0.025,0.67,0.305
6891540,0.254,0.478,0.268
6928645,0.026,0.908,0.066
6874105,0.02,0.831,0.149
6819576,0.101,0.66275,0.23625
6817538,0.003,0.984,0.013
6819741,0.474,0.297,0.229
6878626,0.124,0.443,0.433
6901210,0.032,0.741,0.227
6888879,0.072,0.771,0.157
6888947,0.035,0.582,0.383
6883374,0.0,0.952,0.048
6836031,0.02,0.8102,0.1698
6851387,0.0,0.992,0.008
6907149,0.05,0.82,0.13
6882595,0.353,0.4819333333333333,0.16506666666666667
6816916,0.029,0.8,0.171
6878470,0.0,0.976,0.024
6865752,0.041,0.76,0.199
7217321,0.234,0.392,0.374
6944366,0.16633333333333333,0.40073333333333333,0.43293333333333334
6918425,0.192,0.379,0.429
6821736,0.078,0.586,0.336
6936271,0.124,0.33,0.546
6874179,0.151,0.493,0.356
7135281,0.027,0.874,0.099
6942663,0.226,0.349,0.425
6903026,0.097,0.658,0.245
6824421,0.013,0.864,0.123
6820128,0.003,0.661,0.336
6850604,0.018,0.759,0.223
7120955,0.0,0.955,0.045
6847409,0.033,0.763,0.204
7056210,0.03,0.891,0.079
6939935,0.011,0.944,0.045
6844699,0.079,0.6037,0.3173
6833246,0.079,0.6555,0.2655
6845220,0.08,0.248,0.672
6824273,0.315,0.173,0.512
6873326,0.15328571428571428,0.506,0.34071428571428575
6941227,0.005,0.895,0.1
6899355,0.001,0.969,0.03
6880235,0.164,0.571,0.265
6850018,0.088,0.288,0.624
6818489,0.032,0.207,0.761
7159592,0.028,0.804,0.168
7200711,0.089,0.615,0.296
6842278,0.037,0.863,0.1
6829488,0.003,0.829,0.168
6916976,0.045,0.818,0.137
6863573,0.007,0.904,0.089
6900303,0.0,0.998,0.002
6830686,0.24933333333333332,0.452,0.2986666666666667
7088285,0.303,0.37,0.327
6875119,0.18433333333333335,0.491,0.32466666666666666
6852969,0.029,0.86,0.111
6834964,0.0,0.998,0.002
6888066,0.088,0.503,0.409
6862580,0.039,0.762,0.199
6902903,0.266,0.6395,0.0945
6940227,0.01,0.882,0.108
7094978,0.047,0.712,0.241
6849775,0.017,0.772,0.211
6852514,0.033,0.678,0.289
6908752,0.195,0.46,0.345
6926813,0.012,0.466,0.522
6867168,0.057,0.751,0.192
6916938,0.0,0.826,0.174
7217282,0.471,0.2820833333333333,0.24691666666666665
6830318,0.479,0.31,0.211
6841129,0.1182,0.594,0.2878
6933898,0.015,0.565,0.42
6852224,0.078,0.518,0.40399999999999997
6855108,0.182,0.291,0.527
6857681,0.092,0.485,0.423
7167282,0.007,0.973,0.02
6939214,0.102,0.658,0.24
6922283,0.28,0.343,0.377
6859605,0.004,0.938,0.058
6904148,0.074,0.6948333333333333,0.2311666666666667
6882954,0.087,0.348,0.565
6939093,0.008,0.864,0.128
6831383,0.012,0.858,0.13
6894471,0.001,0.981,0.018
6931008,0.063,0.351,0.586
6838588,0.021,0.753,0.226
6851730,0.014,0.873,0.113
6911988,0.002,0.911,0.087
6814325,0.059,0.534,0.407
6838809,0.3261666666666666,0.327,0.3468333333333333
6822777,0.086,0.6133333333333334,0.30066666666666664
6887378,0.068,0.54965,0.38235
6913098,0.001,0.965,0.034
6936520,0.113,0.25933333333333336,0.6276666666666667
6837850,0.094,0.663,0.243
6918818,0.006666666666666667,0.7443333333333333,0.249
6897497,0.003,0.961,0.036
6936577,0.053,0.556,0.391
6826594,0.125,0.266,0.609
6865047,0.053,0.7457999999999999,0.2012
6823879,0.0905,0.5455,0.364
6914868,0.959,0.013,0.028
6863654,0.0,0.985,0.015
6907061,0.06,0.726,0.214
7180725,0.05,0.803,0.147
7205244,0.047,0.766,0.187
6856962,0.196,0.647,0.157
6885323,0.015,0.95,0.035
6912379,0.667,0.216,0.117
6858148,0.022,0.83,0.148
6814582,0.04016666666666666,0.6,0.35983333333333334
6940703,0.0565,0.6065,0.337
7181144,0.041,0.696,0.263
6825868,0.10333333333333333,0.6996666666666668,0.197
6889020,0.102,0.637,0.261
6869287,0.004,0.987,0.009
6871054,0.189,0.277,0.534
6870018,0.007,0.856,0.137
6895217,0.039,0.647,0.314
6855875,0.025,0.794,0.181
7185369,0.044,0.578,0.378
6848724,0.07,0.7745,0.1555
6912010,0.088,0.656,0.256
6911483,0.06216666666666666,0.522,0.41583333333333333
6826557,0.015,0.8058333333333333,0.1791666666666667
6893666,0.007,0.94,0.053
6946801,0.076,0.745,0.179
6871189,0.005,0.9823333333333333,0.012666666666666668
6844700,0.38885,0.12915000000000001,0.482
6832474,0.001,0.954,0.045
6922129,0.037,0.814,0.149
6941269,0.046,0.778,0.176
6850111,0.026,0.877,0.097
6871721,0.013,0.931,0.056
6834277,0.0,0.997,0.003
6815020,0.066,0.8093880952380955,0.12461190476190478
6839790,0.121,0.379,0.5
6929149,0.016,0.844,0.14
6832299,0.19,0.4665,0.3435
6908265,0.001,0.871,0.128
6819513,0.064,0.668,0.268
6922046,0.111,0.704,0.185
6911700,0.005,0.835,0.16
7132375,0.266,0.343,0.391
6826330,0.017,0.32,0.663
6892358,0.166,0.328,0.506
6844735,0.08533333333333334,0.685,0.22966666666666669
6830282,0.008,0.904,0.088
6831883,0.003,0.9856666666666667,0.011333333333333334
6861551,0.245,0.451,0.304
6857472,0.001,0.948,0.051
6844170,0.10859761904761904,0.34425,0.5471523809523811
6870992,0.043,0.728,0.229
6824420,0.057,0.755,0.188
6842673,0.028,0.7919999999999999,0.18000000000000002
6870166,0.752,0.132,0.116
6923521,0.019,0.778,0.203
6923067,0.036,0.508,0.456
7102369,0.0695,0.5385,0.392
6918324,0.007,0.94,0.053
6875753,0.003,0.954,0.043
6858106,0.09,0.466,0.444
6945544,0.01,0.784,0.206
6843762,0.001,0.996,0.003
6916249,0.009,0.829,0.162
6881283,0.117,0.595,0.288
6905410,0.001,0.966,0.033
6892408,0.142,0.501,0.357
6930990,0.24,0.199,0.561
6835400,0.01,0.978,0.012
6867680,0.037,0.52,0.443
6910555,0.018,0.928,0.054
7178838,0.039,0.811,0.15
6925050,0.031,0.678,0.291
6831230,0.479,0.187,0.334
6884393,0.622,0.045,0.333
6850763,0.256,0.42006666666666664,0.3239333333333334
6835259,0.0,0.993,0.007
6878793,0.013,0.971,0.016
6843709,0.054,0.546,0.4
6880861,0.104,0.354,0.542
6927246,0.091,0.54,0.369
6884364,0.068,0.38,0.552
6932934,0.015,0.895,0.09
6943694,0.099,0.474,0.427
6831730,0.003,0.984,0.013
6844928,0.202,0.28575,0.51225
6885511,0.149,0.505,0.346
6844807,0.231,0.2765,0.4925
6817080,0.01,0.946,0.044
6851413,0.043,0.766,0.191
6918623,0.01,0.841,0.149
6932080,0.342,0.224,0.434
7117345,0.001,0.981,0.018
6821425,0.057,0.756,0.187
6924403,0.046,0.847,0.107
6854123,0.03,0.841,0.129
6852889,0.143,0.762,0.095
6866387,0.038,0.818,0.144
6858128,0.079,0.669,0.252
6905129,0.122,0.303,0.575
6932035,0.086,0.636,0.278
6884265,0.114,0.275,0.611
6936966,0.087,0.5765928571428571,0.33640714285714274
6881098,0.034,0.844,0.122
6869941,0.005,0.839,0.156
6864713,0.0146,0.9034,0.082
6905259,0.009,0.918,0.073
6889865,0.037,0.606,0.357
6870562,0.06,0.393,0.547
7124351,0.027,0.789,0.184
6857644,0.001,0.933,0.066
6891045,0.453,0.2926666666666667,0.25433333333333336
6929039,0.053,0.608,0.339
6916229,0.0,0.988,0.012
6833556,0.355,0.263,0.382
6838951,0.149,0.4,0.451
6868487,0.083,0.738,0.179
6869690,0.286,0.3255,0.3885
6864005,0.12516666666666668,0.5818333333333334,0.293
6923234,0.113,0.612,0.275
6827182,0.087,0.62,0.293
7146069,0.039,0.8265,0.1345
6890503,0.02,0.867,0.113
6911066,0.078,0.525388095238095,0.3966119047619047
6876163,0.298,0.556,0.146
6920433,0.036,0.819,0.145
6826987,0.113,0.499,0.388
6831058,0.013,0.842,0.145
6944184,0.025,0.823,0.152
6868480,0.052,0.822,0.126
7097198,0.016,0.822,0.162
6914595,0.068,0.626,0.306
6879535,0.01975,0.825,0.15525
6900971,0.002,0.959,0.039
6878555,0.0798,0.556,0.36419999999999997
6839324,0.145,0.284,0.571
6819925,0.01,0.938,0.052
6839386,0.061,0.619,0.32
6825584,0.11,0.513,0.377
7201758,0.059,0.726,0.215
6864463,0.173,0.32633333333333336,0.5006666666666666
6815348,0.001,0.991,0.008
6820756,0.09,0.669,0.241
6858699,0.102,0.678,0.22
6843115,0.046,0.8854166666666666,0.06858333333333334
6850824,0.005,0.918,0.077
6937635,0.024,0.8,0.176
6828911,0.056,0.803,0.141
7154618,0.01,0.837,0.153
6939143,0.189,0.572,0.239
6823169,0.009,0.861,0.13
6924844,0.132,0.34983333333333333,0.5181666666666667
6815925,0.181,0.451,0.368
6947389,0.0,0.995,0.005
7203267,0.18,0.605,0.215
6825953,0.171,0.469,0.36
6833542,0.049,0.437,0.514
6854302,0.005,0.923,0.072
6843122,0.06733333333333334,0.7486666666666666,0.184
6851851,0.038,0.859,0.103
6879971,0.095,0.775,0.13
7136227,0.0,0.991,0.009
6925138,0.021,0.7765,0.2025
6875050,0.03,0.875,0.095
6935199,0.219,0.369,0.412
6848027,0.03,0.638,0.332
6904795,0.729,0.12366666666666667,0.14733333333333332
6818781,0.059,0.809,0.132
6871081,0.328,0.302,0.37
6888945,0.014,0.648,0.338
6925993,0.055,0.793,0.152
6928183,0.25,0.435,0.315
6847449,0.001,0.975,0.024
6857762,0.055,0.658,0.287
6942172,0.044,0.729,0.227
6916747,0.011,0.886,0.103
6813002,0.173,0.64275,0.18425
6923932,0.0,0.994,0.006
6939669,0.094,0.668,0.238
6854566,0.066,0.806,0.128
6909019,0.047,0.533,0.42
6869921,0.002,0.992,0.006
6864519,0.031,0.5543333333333333,0.4146666666666667
6849438,0.031,0.779,0.19
6916590,0.052,0.611,0.337
6947299,0.076,0.709,0.215
7152604,0.0,0.995,0.005
6894914,0.279,0.482,0.239
6914502,0.028,0.908,0.064
6820113,0.397,0.38491666666666663,0.21808333333333332
6924106,0.005,0.7961714285714285,0.19882857142857138
6840817,0.054,0.7945,0.1515
6913090,0.069,0.56,0.371
6934517,0.115,0.528,0.357
7152770,0.0,1.0,0.0
6868529,0.059,0.5671666666666666,0.3738333333333333
6836709,0.003,0.949,0.048
6868506,0.002,0.925,0.073
6941712,0.065,0.728,0.207
6932760,0.05,0.732,0.218
6850191,0.095,0.622,0.283
6878745,0.151,0.146,0.703
7094259,0.103,0.591,0.306
6831807,0.356,0.291,0.353
6891698,0.002,0.99,0.008
6923465,0.151,0.4803333333333334,0.3686666666666667
6899213,0.211,0.42138333333333333,0.36761666666666665
6923804,0.001,0.947,0.052
6918979,0.004,0.93,0.066
6862421,0.005,0.869,0.126
6900993,0.002,0.893,0.105
6861580,0.012,0.533,0.455
6906474,0.005,0.9695,0.0255
6847010,0.233,0.317,0.45
6817985,0.019,0.858,0.123
6879738,0.19,0.228,0.582
7169995,0.03,0.599,0.371
6901359,0.006,0.899,0.095
6837382,0.007,0.94,0.053
6874250,0.162,0.385,0.453
6886924,0.015,0.891,0.094
6894687,0.063,0.889,0.048
6937873,0.049,0.543,0.408
6852900,0.07426666666666666,0.726,0.19973333333333335
6929432,0.065,0.559,0.376
6844489,0.038,0.761,0.201
6844561,0.067,0.586,0.347
6933747,0.124,0.555,0.321
6940885,0.001,0.96,0.039
6873782,0.171,0.315,0.514
6882375,0.062,0.4783333333333334,0.4596666666666666
6878769,0.044,0.574,0.382
6827016,0.074,0.394,0.532
6820773,0.063,0.569,0.368
6921124,0.028,0.577,0.395
6817935,0.298,0.43,0.272
7144533,0.062,0.507,0.431
6813648,0.152,0.68225,0.16575
6834670,0.067,0.692,0.241
6878185,0.058,0.6474,0.29460000000000003
6923378,0.017,0.666,0.317
6932252,0.14,0.627,0.233
6857065,0.0,0.981,0.019
7169899,0.076,0.616,0.308
6887074,0.022,0.91,0.068
6849463,0.048,0.714,0.238
6934153,0.049,0.664,0.287
7116464,0.079,0.777,0.144
6897412,0.045,0.863,0.092
6925887,0.049,0.39,0.561
6848650,0.061,0.709,0.23
6818453,0.172,0.508,0.32
6943153,0.014,0.724,0.262
6946348,0.763,0.102,0.135
6878770,0.071,0.602,0.327
6827664,0.003,0.8945833333333333,0.10241666666666666
6922984,0.04,0.785,0.175
6864544,0.064,0.7422,0.1938
6931437,0.009,0.929,0.062
7171071,0.026,0.858,0.116
6908215,0.104,0.373,0.523
6813875,0.219,0.5243333333333332,0.25666666666666665
6845221,0.014,0.247,0.739
6900902,0.055,0.698,0.247
6925197,0.176,0.551,0.273
6850783,0.001,0.976,0.023
6869002,0.06675,0.61625,0.317
7172791,0.03166666666666666,0.7463333333333334,0.222
6936176,0.006,0.986,0.008
6839462,0.264,0.493,0.243
6828651,0.029,0.574,0.397
6912630,0.056,0.751,0.193
6925870,0.015,0.806,0.179
6823876,0.048,0.693,0.259
6932538,0.013,0.87,0.117
6905724,0.076,0.75,0.174
6872564,0.002,0.992,0.006
6821027,0.038,0.774,0.188
6943747,0.354,0.458,0.188
7150854,0.003,0.992,0.005
7140107,0.044,0.816,0.14
6925056,0.059,0.63,0.311
6908834,0.016,0.81,0.174
6841620,0.081,0.675,0.244
6927175,0.168,0.219,0.613
6911333,0.161,0.524,0.315
6936227,0.174,0.445,0.381
6935640,0.106,0.441,0.453
6901738,0.023,0.618,0.359
6849053,0.815,0.104,0.081
6879561,0.285,0.384,0.331
7166280,0.342,0.256,0.402
6889409,0.008,0.848,0.144
6898181,0.005,0.971,0.024
6881507,0.001,0.998,0.001
6895263,0.0,0.994,0.006
6830090,0.043,0.812,0.145
7215380,0.134,0.288,0.578
6817698,0.039,0.737,0.224
6906566,0.386,0.33985000000000004,0.27415
6894990,0.052,0.776,0.172
6873889,0.053,0.1015,0.8455
6879553,0.01,0.68,0.31
6878327,0.538,0.191,0.271
6907502,0.117,0.238,0.645
6913646,0.044,0.7365,0.2195
7300745,0.047,0.862,0.091
6839638,0.057,0.6297333333333333,0.31326666666666664
6856873,0.11,0.35006666666666664,0.5399333333333334
6855357,0.053,0.75,0.197
6899979,0.0,0.986,0.014
6908433,0.118,0.601,0.281
6907408,0.001,0.99,0.009
7170775,0.064,0.235,0.701
6894035,0.012,0.908,0.08
6847457,0.003,0.827,0.17
6846258,0.036,0.739,0.225
6833602,0.588,0.174,0.238
7113888,0.089,0.45625,0.45475
6896850,0.139,0.294,0.567
6874757,0.02,0.86825,0.11175
6818474,0.052,0.609,0.339
6902137,0.027,0.6581666666666668,0.31483333333333335
6870798,0.252,0.461,0.287
7127496,0.051,0.705,0.244
6902192,0.071,0.564,0.365
6881324,0.412,0.379,0.209
6928837,0.085,0.587,0.328
6882452,0.126,0.175,0.699
6828286,0.006,0.901,0.093
7126963,0.041,0.727,0.232
6862928,0.004,0.989,0.007
6822277,0.12825,0.613,0.25875
6889752,0.055,0.598,0.347
6861415,0.094,0.635,0.271
6812868,0.1,0.463,0.437
6937889,0.193,0.259,0.548
6935346,0.019,0.8185833333333333,0.16241666666666668
7282611,0.016,0.747,0.237
6936347,0.292,0.424,0.284
6824954,0.01,0.797,0.193
6892538,0.131,0.4096666666666667,0.4593333333333333
6928786,0.005,0.924,0.071
7164678,0.122,0.149,0.729
6889908,0.171,0.536,0.293
6913892,0.571,0.191,0.238
6837599,0.349,0.196,0.455
6925955,0.009,0.966,0.025
6833907,0.156,0.247,0.597
6874618,0.076,0.658,0.266
6877202,0.078,0.378,0.544
6928643,0.01,0.939,0.051
6904977,0.023,0.816,0.161
6890725,0.036,0.847,0.117
6821381,0.047,0.567,0.386
6876184,0.227,0.493,0.28
6900571,0.002,0.949,0.049
6885274,0.01,0.944,0.046
6839484,0.284,0.325,0.391
6940393,0.005,0.835,0.16
6947646,0.027,0.778,0.195
7171492,0.064,0.511,0.425
6929184,0.027,0.797,0.176
6890360,0.028,0.661,0.311
6857523,0.16871428571428573,0.5536666666666668,0.2776190476190476
6913381,0.05,0.745,0.205
6849511,0.0165,0.7955,0.188
6877504,0.016,0.83,0.154
7140050,0.004,0.922,0.074
6821705,0.036,0.8036666666666666,0.16033333333333336
6828363,0.652,0.118,0.23
6834416,0.059,0.7100833333333334,0.23091666666666666
6930248,0.058,0.37,0.572
6859894,0.042,0.807,0.151
6812012,0.006,0.8923333333333334,0.10166666666666667
7163323,0.005,0.954,0.041
6842540,0.203,0.471,0.326
6868726,0.06,0.838,0.102
6941446,0.039,0.6858333333333334,0.2751666666666666
6870488,0.001,0.93,0.069
6839242,0.337,0.344,0.319
7218255,0.005,0.834,0.161
6934549,0.033,0.675,0.292
6889895,0.02,0.892,0.088
6825020,0.015,0.86575,0.11925
6894947,0.343,0.239,0.418
7140525,0.0,0.996,0.004
6911993,0.022,0.926,0.052
6824037,0.053,0.76,0.187
6882446,0.01,0.875,0.115
6902447,0.006,0.88,0.114
6931156,0.056,0.733,0.211
6857795,0.183,0.545,0.272
6831494,0.0,0.995,0.005
6853601,0.003,0.852,0.145
7098382,0.053,0.319,0.628
6896764,0.144,0.529,0.327
6852315,0.002,0.967,0.031
6879859,0.136,0.313,0.551
6823182,0.016,0.83,0.154
7186095,0.154,0.337,0.509
6888297,0.038,0.631,0.331
6862915,0.072,0.683,0.245
6876292,0.019,0.713,0.268
7125390,0.015,0.937,0.048
6894003,0.118,0.479,0.403
6882334,0.02,0.886,0.094
6902258,0.016,0.922,0.062
7202985,0.0,0.998,0.002
6854703,0.052,0.275,0.673
6867192,0.067,0.602,0.331
6891539,0.007,0.8853333333333333,0.10766666666666666
6944423,0.6015,0.1835,0.215
6828554,0.008,0.925,0.067
6909152,0.079,0.1415,0.7795
6916377,0.0,0.996,0.004
6927731,0.025,0.894,0.081
7207035,0.003,0.459,0.538
6823232,0.041,0.815,0.144
6920352,0.083,0.406,0.511
6927006,0.181,0.44,0.379
6882569,0.001,0.959,0.04
6930250,0.083,0.615,0.302
6874927,0.005,0.935,0.06
6819605,0.026,0.842,0.132
6919792,0.018,0.78,0.202
6865137,0.007,0.499,0.494
7129277,0.045,0.68,0.275
6812483,0.007,0.951,0.042
6939010,0.044,0.717,0.239
6946483,0.013,0.609,0.378
6861585,0.07,0.765,0.165
6939744,0.033,0.674,0.293
6892611,0.046,0.552,0.402
6830977,0.704,0.125,0.171
7128814,0.001,0.972,0.027
6923434,0.069,0.692,0.239
6942315,0.026,0.81475,0.15925
6948509,0.488,0.27,0.242
6890231,0.016,0.901,0.083
6912207,0.014,0.783,0.203
6838584,0.014,0.872,0.114
6847995,0.053,0.497,0.45
6917463,0.05,0.542,0.408
6903844,0.003,0.928,0.069
7157390,0.027,0.624,0.349
6855342,0.119,0.721,0.16
6835231,0.13,0.617,0.253
6862121,0.0,0.998,0.002
6945521,0.122,0.551,0.327
6867420,0.006,0.779,0.215
6905101,0.064,0.3695,0.5665
6818496,0.0945,0.593,0.3125
6918925,0.015,0.761,0.224
7123427,0.209,0.431,0.36
6814336,0.1124,0.662,0.22560000000000002
6911832,0.0036666666666666666,0.9673333333333334,0.029
6947977,0.06,0.491,0.449
6835357,0.004,0.991,0.005
6893083,0.0554,0.5546,0.39
6869401,0.001,0.972,0.027
6936872,0.165,0.48,0.355
6943363,0.005,0.896,0.099
6814666,0.084,0.525,0.391
6831228,0.227,0.416,0.357
6930325,0.058,0.622,0.32
7135468,0.169,0.573,0.258
6935649,0.147,0.075,0.778
